981915304820445184
981924028859346944
982017835621695488
981994805201981441
981913466393935872
981769768171724800
981917300336025602
982032556525871104
982040815781335040
982028958945480704
981749004051476480
982021456140828672
981752917286846464
981769757169872898
982036713290821632
981911500871921664
981979552216899585
981749020765831168
981979348579356673
982021738551742464
981764191106322432
982021870940663809
981743111717228549
981975650155278337
982021503066587136
982029030785540096
982040480425930752
982021241942040576
982025554642784256
981764533013417984
982018188224245760
982017939497996293
982028842473742336
981764703121788928
981977519279738880
982017812356005893
982017821549977601
982021977937469441
982032802274250752
982036648820203520
982029441193926662
981752568299700224
982018004459425792
981764169765703681
982029461515309058
981752962178535424
982025697458884608
981764439811809280
981915465046994944
982037061820735488
981743109452185601
981769557382582273
982040533114740736
981741158463361024
981975197560590339
982018191613353985
982028890729103360
982037255069097985
981764694292692992
982044107622187009
982037195124076550
982040448977068034
982018633554477056
982044307552198659
981975356025565184
981749021210365952
981755232253247489
981752608976228353
981915481509695488
981755282140282881
982032700231086086
981917136925835264
982040198459678721
982033007304376320
982033163277889536
982021806914703361
982025682195763205
981975183127924736
982018249675096064
982040483684794368
981751844488691713
982044314971680770
981745535173439488
981768301276626946
982025788911386624
981975185824845826
982029205792808960
981914147079286786
981975445322248193
981745551325659136
981752756540203009
982032652621565952
982033150489473024
981975638205698055
982040878494576640
981755816591151105
981745664169271297
981764512557752320
981755649154473985
981911759521902593
981975368306450437
982029011902713856
981911699082137601
982025111128760320
981978997583175681
981749205109702656
982029113916514304
981749078546530305
981913519611408384
982040713948024832
981752737288413184
981924204764254208
981917134128275457
981917207008546816
981979023726260226
982033259574865920
982025800789655552
981975280918114314
982025701783040000
981764466537713665
982021805295751168
982040812006625287
981979112905625601
981764431028936709
981764253425307648
981764536679174149
981977458021937153
982032726462205953
982033093497446400
982021217669533696
981755367288745984
982044083261788160
982033388566695936
982032722888740864
981977528293183488
982021570112602114
982032727951233031
981753089668546560
981755222912651264
981751835248680960
981915302928830464
981742992171073536
982025448312930304
981915370889142272
981775407912435712
982029439595933701
982029124121198592
981752932310966278
982025700948496386
981978932441501701
982040711192199168
981756843344056320
982041013601660928
982040876615532544
982040638446297089
981975282415538177
981913522085838850
982028863525081088
982037057102073857
981975646355251201
982025025929732096
982025117315321857
982018562603790337
982040543868915713
981755580258836480
982021200233750529
982036927355371521
981769648826875904
982044088349294593
982021708445077505
981749184238940160
982018555695718401
982032724524437504
982032906708242433
981975737459765248
982032981249445890
982040628589510657
982021397672222720
981755619890941952
981741068160045056
981755623116365824
982044275243352064
982032886219100160
982036838662705152
981924112397352960
981755297428590594
981764435164520448
981915475125899270
981924112221294592
982044168074747910
981764695546843146
981764162857652224
981753103451021312
981752670070304769
982025874060038147
982032641774977025
981979621557260290
981917069594808321
982033251370979328
982018546250076160
981745375441600514
982029561251627008
981755714350862337
981911933648560128
982021655894437888
982036672350248960
981745438096179200
982037149821186048
981917410067435525
982025026647011328
982036851451224069
981745756641136642
981915381936939008
981755294857486336
982025870675271681
981769777780875264
982025558275117056
982040291774484480
982029652557524998
981741371592773633
981975645608599552
981923835246084097
982033341833609216
981978924564480001
982021375505387522
982036425175597056
982025301638164489
981755565482430465
981752671962005505
981745753814118401
981994814278422531
982044102563975168
982017812653858817
981755502546698240
982025030002401280
982037077599629313
981751866479513601
982025867730747397
982029576024068096
981756758132539392
981915483065782272
982029660447019008
981975186407911425
981752578038902784
981741277313052672
982040709522952193
982044184323543040
982018605830225920
981915299170660353
982040278952538114
981975833387655168
981755649120964608
982040801738829825
982028872412794880
982040898027577345
982040627134087168
982018423189368832
982018189046439938
982021199676035073
982021724089868288
982041010594136064
982036472680407040
981742928543518726
982025398140649472
982040209222131712
982025598536216583
982033342039113728
981749199136935936
982017830022500352
981975171065171968
981975177868308481
981768250676727809
982029187144761345
981743040359518209
981924025961197570
981752749393051648
982018002521640960
981979447342632961
981769583055917057
981751647075319808
981994829541453824
982036505064624128
981911841323577346
981752678513565696
981764627586527232
981764501849731072
981923826484178944
981977622296002560
981756835693817857
981745656023797760
981752559064018944
982036925337907200
982037244633669637
982040565482172417
982018536951476224
982028950175145984
981756843595710464
981741068755480577
982040884295471104
982029377486577664
981975457313640448
981914135746134016
981917049172541440
982029629367054336
982040804297494533
981917229280317440
982025614591864832
981764439870353413
982025687434432513
982018295829291008
981745462565679105
981752670653485056
982032644539125760
981975731436703744
982029313385095168
981749012792356865
982025540596101120
982036723290071041
981741247936184325
981749122024718336
981749015623565313
982036550832873472
982040203782049792
981917303380918273
981764683026845696
982025689116196864
981743134701797376
981745372300115969
981741078691962881
981924031963086848
982017821881364480
982021884265967616
982029402199306241
981752350514827265
981741346171117573
982036984364457985
982036846896021504
982021411807027201
982029320762904576
982036736803995648
982040205765951488
982021824572616704
981764249033805824
982037232633745409
982025004106727426
981743142641786881
981979095281086464
982036983827513344
982032806539812869
981979023801835521
981913369165860864
982021579310759936
982029374324080640
981764276867170305
981915380175302656
982018347457007616
982032811837345792
982029121168408577
982036416598302721
981751763551379456
982032712428064775
982018420781867009
981977619016110080
981741244819935232
982018380533202944
981975361339576320
982040266021404677
981924193414492165
981913548430323712
982018113947381760
981975450573402113
981751684870238208
981752384379609088
982044331317055489
981764444073201665
982040992177106944
981913278375854081
982018342654537731
981913282075414534
982021495395405824
982032563089879040
981979359434170372
981749199527120896
981979569526894592
982032961162940416
981915310172192768
981975731340275713
981752776366723072
982021680070447105
982036906212057088
982036736401264640
982036906195087360
981755818537177088
981923834038140929
982036487267958784
981923828229197825
981769755576053760
981913379181858816
981975450175012864
982025564411183105
982040722709757952
981913460832374784
981979024007114752
981979650699165697
982021664543297536
981752605570297856
981923827406979073
982025687845490694
982033153035354113
981917292828155905
982025002030579712
981975430788820992
982037167001227265
981764620724686848
982044179877396480
981755305695461377
982036948591235082
981915477562638337
981769502005264387
982029478305054721
982021455255924736
981741182475816960
981979563797434368
982032970306457600
982021408111939586
981914135859552258
981753005929213952
982025460405227522
982036640658051074
981764529431326720
981769728892047360
982029655057272833
982044074126512128
981764186937151488
982029639076995073
981769776996347906
982021636500131840
981975261964054528
982017926394822656
981975366976921600
981979466925686784
982025171115626496
981764357557112833
982025703997796352
981752355870920705
982033262552997889
981752570585731072
982040458498068481
982044017457115136
981755248892137472
981975548443484166
981741226461364224
982032802509025281
982036817120722944
981755368626794497
981911513744232449
981741076355698688
982033337517719552
981745722067480581
981913278371848192
981741077802733570
981917322817540096
981975539899682818
981911697899360256
982028868268605440
982032727955435520
981914211382124545
982021823020888064
981749179989934081
981915363712618496
981755389199826946
982021414076272640
981913524799725569
982032914295730176
982028960446939137
981764700022198273
981979438442139648
981977537768247296
981975562565705728
982032623768952832
981756780324773890
982032654840287232
981743097699647489
982025681017032704
981975269379657729
981743026467897344
981749213540311040
981775776583507969
982033091106504704
981917212352090113
981917147675820032
981745639070482432
981753094643048448
982032904757923857
981979262524841984
982032657256099840
981975736364838912
981979113207554048
981749006790410241
981755667613532160
981979030894215168
981979287833194496
981911846520344576
981764370584616960
981923821769768960
982022075371130882
982044072767442945
981975278464458753
982029401301880832
982032899741573120
982036469794656256
982036556624969729
981975822654418944
982032811434631170
982021823255674880
982018163767435269
982021402361585664
981769662781370369
982022077011161090
981755553788526592
982033331238862848
982021799344005120
981911859933667328
981749102567358464
981764626206601216
982028795275300870
981756775534858242
982044258105528321
982044005063118848
982032620631490562
982017991436009474
982040988330770432
982033230311411712
981755746114129920
982021224288137218
982021896857366528
982021412591415297
982018438360125440
981979111290793985
981752957602488320
981979456741888000
982028951441690624
981977439122288645
981911702546546688
982025092245762048
981917305608331264
982029037060153345
981913375645974529
982021734248435712
981979636933459969
982044196122038273
981979645699473408
981975737317167104
982032631339634688
981764189122433024
981994812265127940
981923919677534209
982036481827946497
981741281620709376
981913468629671937
981741344547799040
982040295616405504
982037062340800512
981745669194035201
981752698771914758
981915300726759424
982029103976108032
982021992684630016
981979275145465857
981975643813482496
981755361689452544
982032971019444224
981752664244371457
982021576269934592
981741082315804682
982032559168282626
981913382990303234
981769535266095104
982025871014924294
981755653717884928
981764630036078593
981994811350757376
982028921079132160
982036687042895872
982033095800090624
981924110770024448
982044343639986176
981913452611502081
982025090803085312
982036505785970689
982044166237630464
981752760981864450
981749200839823360
982021334363451393
982032912076779520
982018189688221696
982033266319462400
982025004547280896
981755569341124614
982040286602907649
981979021742243840
981915306439401472
982018243484200960
981977444784549888
981911932528623616
982029213367615488
981913289297833985
982029044706430976
981751703375613952
981745420538855424
982036911844818944
981751683431755776
981923850135863296
981978985813831680
982029225569017857
982037037992824840
982018265919737857
982025274165551104
982018603317891072
981753084710924288
982025213415174146
981975814022533120
982028745073680390
981915463176237056
981924206274326528
981979279260049414
981752357934346240
981742900890480641
981752472124514304
981769665251893250
981923949352292353
982018277730865154
981753081862991872
982021738568605696
981755583366926341
981764173397884930
982037048176586754
982036687474843648
982029025249054720
982037122952474624
981911766631436288
982021794516340738
982021805723541504
981741267934728192
981770692776681472
982036845734383616
981755638366724097
981753017010675712
981715575863820290
981769110177513472
981924114104442880
981978914850463744
981773871979393024
982029037810929664
981752493779505153
982022068001824768
982025869827833856
982024991737892865
981915448114466816
981977545829732352
982025603447738371
981975199179526144
981914149969170437
981979092139565058
982036801283088389
981914137088483330
981914226620076032
982025879344721921
981979635834552322
982040341065936896
982021646415351808
982022042428977157
981752670062088192
982021240838918144
982025213327167488
982025564637749248
982036431597121537
981764461227921408
982036974776102913
981913635546107905
981745527648866304
982025588285227008
982036474659946497
981975269236862976
981749030920192000
981764284576395264
981769688223854592
982029669095624706
982029657921982464
982018537639247876
982029658551209985
981975650952208386
981975827888787457
982018163742212098
982040347290157056
982040306018209792
981769728896258049
981769568698937344
981975443447234561
982017813580787712
982018626948616193
981913453198790656
982021286053466113
981975371016015872
981914153148272640
982025696569683969
982021398565564416
982021199977836544
982025091654520832
981752909879824384
981749088197758976
981753044948971525
981924025499897856
981769804829863936
982044082938826753
981769660885385216
982018025057595394
981751662057533443
981755577406812160
982029370087956480
981911934697181189
981756789157957633
982029673004756992
982044271124647936
981749090164731909
981911769789628416
982036830265593857
981755402244280320
981755434280390656
982037240548380672
982037165717635072
982032696988880897
982018378528370690
981915473892859904
981913375478370305
982029449767149568
981773490373218304
981924086770257920
981745342759698433
982040724760858626
982021582930366464
982044098679975937
982025450137571329
981923944218296320
982021906961518592
981752736881442816
981769576353382400
982021465171283968
981977463520710658
981742901951717376
981979725148155905
982018256214077440
982024985194610688
982040828389425152
982040194646978560
981975286010048514
981745591259729920
981975727674396672
982029032530305024
981764361004953600
981975452427448320
981911611937091584
981752493041303552
981741334003318784
981752470950109185
981975280154742784
982025482047774720
982025265697251328
981917141191544832
982040285650677760
981915466863128578
981917313023840256
981994803792629760
981915294766682123
981975355970945025
982029316996386821
982036558713966593
982040884710522880
981915308184211456
982018017067446272
982029117771132928
982044096939417600
982040813206233088
982021979547959296
982033070143557632
982036727169560576
982032795945046016
981979551579426821
982018471801188353
981924019317309440
981751893625135104
981979025257136128
981917413703811072
982025766027264000
981979288567271427
981752770867773440
981745449030815744
982029296981172224
982036725143953408
981978925592084481
981751741107572736
981913288131964929
981752374002835457
982043993839165440
982032794200297473
982025869756690432
981752746696114176
981917315125006336
981975370902589440
981749008220569600
982021678938116096
981769788711043072
982041007134003201
981917062783258624
982040458565218305
981914211692564482
981978988057853952
982037135258611712
981764512541011968
981752748134744064
981979717749354497
982040476739096576
982025177860116480
981764615053852672
981769569067909121
981977549893971968
982021739508006912
981915297971101697
981741085956460549
981911760394510336
981741146874368001
981752970013388800
981913379756392448
982018456244670464
981755283612483585
981764619684507648
981979203242463233
981975263926943745
981753101714587650
982025184906366976
981764370643456001
981745651460423680
982032883769585665
981911608292130818
981924198372212737
981913523155484672
981751771293863936
981742806787031040
982025160839622656
982025014756216834
981764253794340865
982029580277043200
982021218684588032
982036735084425218
981913546132021249
981752777020968962
982025299742396417
981979560446169089
981745347117531136
982025779042246656
982032793692721158
982017995143720960
981764462842646528
982029209756368896
981924012745003010
982021199889870854
981752402998153216
981764193606094848
981743002895839232
981913464917573632
982025559478747136
981914135133933571
981917138968563712
982018002118893569
981913464053514240
981977441471291393
981978913927770114
982018352121032705
982029641719451649
982021302516101120
981742852395995136
982029548727472130
982040547048206336
981915447615508480
981917146598006788
981977537923383296
981749174050766849
982018376091492355
982044088143892481
982029380863119362
981743027235340288
981979369341050881
981745537937387520
981917236095893510
981924197218779136
981741095775240192
982033150065836032
982028942273138689
982029579421405184
981917310784098304
981741280920244229
982033142411247616
981975715221516290
982017809579479041
982033091941330944
982021562856488960
981755549418229760
981755277501317125
981756834099941377
981752378918662145
981915391172591616
981756747361603584
981978923352383488
981769815349190658
981752606295900160
981924027680911360
982021820504264704
982025389345304582
981917411774525440
981994800571453440
982029639731195905
982033067920551936
982025445867737095
981911854141276160
981923840933670913
982036404636184576
981975455464022021
982025103214030850
981977542998609921
981755301467602944
981751946854842368
981755225286565888
981751835676594176
981977634866282496
982044170964619264
981745467150229509
981752447336091648
981755429393846273
981755483911479296
982029495681994754
982044238664949760
981764354172510210
982021811901624320
982021672789331969
982018426821586944
982040726329425921
982025703406399489
982029021700640768
981753093422567425
981755247348633600
981994825565294592
981756808476884992
982044072322924544
982036427943931911
981913282641571840
981911761577234432
981979095499182085
981745719940820997
981751724191965184
981915310063222790
981914244567486464
982044453404737536
981979463352307712
982040449186705408
982033158349582336
981979164650737665
981751841007562754
982032547113832449
981742814135398400
981749130916716544
982021880034062336
981975360764915712
981977639975047168
982037074479013888
981977627085991936
981769562617274368
982029404246228992
982025453069201408
981994803532615685
981917146690215937
981915390782640128
982032987201200128
982025869676822528
982025686670954496
982033361408610304
981765590955180033
981911771777609728
982033077177286656
982028884639035392
982033440882049025
981751887278911488
981745642060959744
981917412634320897
982036674963279872
982036925497430016
981752941412577280
982040207951257600
982040642896453632
981741375690592257
981745761229721601
981764156910129153
982036917117181953
981975191403356161
982036803199913985
981753033993285632
982040436465393664
981777573440114688
981769563783254016
982022067993260032
982040644951523328
981979365431853056
982029226038779909
982037120138334209
981749117297672193
981751639777398784
981911595327676418
981752485571383296
981979470319013889
981979551092871168
981917223764856832
982032570891325443
982021998812549120
982029374840037376
981751837094285312
981741306782330882
981743088027750401
982032691758534657
982021906147639296
981979027840884737
982032706312835072
981975723228450818
982025794741571584
982036558269374464
982024985555488769
981911769265385473
981751838092513282
982044336173989888
981749030979100672
982018556542898176
981769633417121792
981977618642817024
981764277043417088
982033154411237376
982018452075565057
981769638999715841
981741177316827137
982040398519459840
982028863957094400
982018102861942784
981915385590140928
981977629510328321
981769808222994432
982029574736244736
982029321589141506
981742852093947904
982025881886576645
981911846784589824
981924095154585601
981764689054060544
982018645768527872
982018421704425472
981975554323828737
982018559726505985
981715585489883137
981977545175318528
981749032493166592
982017811177459712
982021230013374466
982029577496260610
982040653403213824
982018246604767232
982044280825970688
981975268960202753
981742829713149952
981753088888463361
981769850627518464
982028959222083584
982029660560265218
981924191367643137
981975278405726210
981769737188323329
981975625488576513
981764430487633920
981753005459386368
981975282541211648
982017930564177921
982018023157633024
981915470491209734
981915360105500673
982044022758887425
982044088953397249
981743003994816512
982025689208623104
982025801976680448
982032989201760257
982025382156210182
981979708542869504
982040984857952256
981752394190082048
981975646988627968
982018633248342016
982044457582280705
981911763296931841
981977461515784192
982021219183505408
981979374261071873
981741329150631936
981755392077324293
982025279035133953
981914234467635201
982029307647332353
981764353287491584
981751898377211904
981913285212753920
981755574462238720
981975172709306371
982032897828950020
982032998374686720
981913296726044672
982036563239538692
982041007502929920
982033327552061440
982036558885908480
981745747845701632
981753046798557184
981742986705887232
981751933407977472
982029027815903232
982018554823368704
982036841158381570
982021995725402112
981742894452170753
982044011002286082
982040464558878720
981914216696369152
981975728316088322
981917232774176768
982040806377730048
981749201934532608
981752660683440128
981769742380863488
982036727895212033
982025791042195458
981751856203468802
982040195234082816
981911929005510656
981769537111511042
981745369368346624
982021457478856704
981913370046722048
982029201506107392
981753008168960002
981975820020473856
982025580668387328
982029442259222528
982024991855099904
982028859431407617
981911703716749313
981753093623709696
981975436484861952
982032974123294720
981741316450074624
982044360127721474
981764639389204480
981741233558061057
981745583357652992
981751897118818305
981975187632599042
981994803490639872
981764432324947968
981769545496055808
982029402103001088
981755584868442112
981979176868528128
981977438329720832
982032740685099008
982040542644088832
982021623078322177
981911757647163394
982021567210192898
982018427412996097
982044183350439936
981923912379494400
982033079966543872
981913384885956608
982021675574231040
981915300705832961
982036641350008832
982043994346704896
982033446942969856
981913535004512256
981914240251555841
981755434494115840
982021824111349761
982044182188580864
981911841919119365
981979197466869760
982040898581254144
982040706326839298
981755739432673280
982036950210105344
981911937842929665
982018104799608833
981742809962065920
981752673291653120
981764543151067136
982017905125502976
981764275076259840
981975555091369984
981913373397827585
981751665597399040
982036562299895808
981741133691793408
982025780728422401
981979556981628928
982025369472598016
982025443426660352
982028883754143745
981977555388387328
982036761709707264
981975354448457729
982021904507666432
982036565995253760
981745652311969792
982037129474793472
981753047188635650
981755563406168064
981913637718822913
981764687787421696
982032828710998018
981917212503048192
982033399832555521
981764277802594304
982029374428983296
982018380709298176
982028780121112577
982032631423381504
981924008785580032
981924188750397440
981752582707302400
981764621186076672
981749194707951616
982029300177108992
981769748475068418
981755409324101632
981979178928099328
981911507129847808
981915374492012544
982025204321980416
982024986964742144
982044165444956160
981755381461471233
981751854966095872
981917152654508034
982029392716025857
982040471169126408
981975833605701632
981769828611624960
981755247784808448
981756737840705536
982033353372291072
981764626705559552
981764257112100865
981755727973728257
981755850220961797
981764515204386816
981741359001407489
982033248221048838
982022074985271296
981755672785285120
982021993225580544
982040268672249856
982036888595742720
982040911168225281
981764633731137536
981979554679009281
982025792833163264
981913376346591233
982017833629401089
981979194056900613
982025611538522119
982040278558298112
981743099859886080
982018559193862145
982018605771616257
981741150280101889
981923928087121920
982036815061266433
982041010695000064
982037077863809024
982018359607922695
982025795643191296
982028950518943744
982022060573540352
982021712416919552
982032889528373250
981975818971869187
982021620284973057
981923841453772806
982044352338853893
981751868547186688
981751651940757504
981751950378139650
981911505481420800
982040194340679680
981751643510370305
981769648591945728
981913458861015040
981913539458797568
981741365959602176
981769829416763392
982044450502262784
981755238985158656
981979097948618752
982021494430629888
982028849016901632
982036733872107520
981755745648631808
981742918456299520
982025762315341824
982036428400939008
981917406078660609
981924093992693760
981994798658793472
982025364091359237
982021375484354561
982032661014294529
981913300358217728
981975717582917633
982021801239773184
982018621613527040
982044343090536454
982021481608744961
981742795256934401
981741319935541250
981917135009132544
982025396077068288
982025391085838337
982029300978216961
982018181979082753
981755672596484096
981911608950771713
981975194435637248
981917129162330115
982036501805584384
981764448259100672
982032982411284482
981975269736054786
981753028402450433
981743104268128256
981766768204038146
981764192578359296
982021590941556736
982018082355974144
981752727192637441
981911768527261698
981977643644895232
981749036490338304
981923847913070593
982021796689039360
982033080809676800
981979711957061632
981743139030487040
981742924118593542
981975732862832640
982040387861671936
982032975163482112
982025867881787392
981769546368540672
982028860786081792
982029035558486016
981745574088065024
981979193205579780
982033072710471681
982032984336424962
982037208084418560
981975372635017216
981975651044544512
981751838369337345
981745387420581888
981764374644707329
981975550917951488
981924013244006402
982022070262550528
981764375164964864
981755721652961280
982040627138281472
981751902428856320
982021395168317442
981975831974154240
981911857467461633
982028857896292352
982021460331032576
981979204786049025
981742892023795717
981745359092355074
981745761640701952
982032991374495744
981979444364697600
981752387353407488
982021302805508101
982021328873046016
981917412781010946
981764184592584704
982025481372491776
982040199575187456
982028777583620098
982041003443085312
982041010955046912
981979740818038784
982029581271134208
981975628734959616
982037116128497664
982018001158529025
981975431141261313
982021458116448256
981743099792670720
982040656112734208
981764244344582145
981979103644577793
982033094147440641
982036588644384768
982025116023447552
982028775037775872
981979100343668736
981745649531187200
982036959815090176
981924191409725445
982036843591094272
981917065576701952
981911613350535168
982036658370633729
982036498487922688
982018353479864321
982036422419861504
981753116637958155
982033243083104262
981742986114621441
981741102939156485
981977458944733184
981745427421609984
981777135642796037
982021388805423105
982040993980665856
981753047952117762
982028746013097984
981913551576150017
982036805422862337
981975552910295040
982040811435995137
981917057439674370
982021400943824896
982021997818359808
982029577320124418
981977630424498176
981975290296619008
981979377473851399
981751862100668422
981755266680078336
982021288351875073
982021394073448448
982018272018169861
981749207521521664
982029555165736960
982029048762290177
981751671528312832
982025203612958720
982021334069727232
982025381980049409
981751858036436993
982032743222652928
982044018770096128
982025536422666240
981764501904084992
982025209548099585
982025603523100672
982036852692717569
