981751763551379456
981755434280390656
981913466393935872
981913375478370305
981769768171724800
981773490373218304
981743003994816512
981745342759698433
981749004051476480
981741244819935232
981752917286846464
981769757169872898
981752394190082048
981752736881442816
981911500871921664
981749020765831168
981769576353382400
981911763296931841
981913548430323712
981742901951717376
981764191106322432
981743111717228549
981751684870238208
981741329150631936
981752384379609088
981755392077324293
981764444073201665
981913278375854081
981764353287491584
981745591259729920
981764533013417984
981751898377211904
981764361004953600
981913282075414534
981911611937091584
981752493041303552
981913285212753920
981755574462238720
981764703121788928
981741334003318784
981913296726044672
981749199527120896
981745747845701632
981753046798557184
981742986705887232
981752470950109185
981751933407977472
981752776366723072
981742894452170753
981749201934532608
981752660683440128
981769742380863488
981752568299700224
981755818537177088
981764169765703681
981769755576053760
981752962178535424
981913379181858816
981751856203468802
981764439811809280
981913460832374784
981911929005510656
981769537111511042
981752605570297856
981745369368346624
981913370046722048
981753008168960002
981743109452185601
981764620724686848
981769557382582273
981741158463361024
981755305695461377
981751893625135104
981911703716749313
981753093623709696
981769502005264387
981741316450074624
981764694292692992
981741182475816960
981764639389204480
981741233558061057
981745583357652992
981752770867773440
981751897118818305
981745449030815744
981753005929213952
981764432324947968
981764529431326720
981749021210365952
981769728892047360
981769545496055808
981755232253247489
981752608976228353
981751741107572736
981764186937151488
981769776996347906
981755584868442112
981913288131964929
981755282140282881
981752374002835457
981911757647163394
981753005459386368
981752746696114176
981764357557112833
981752355870920705
981749008220569600
981752570585731072
981769788711043072
981913384885956608
981755248892137472
981741226461364224
981751844488691713
981755368626794497
981911513744232449
981745535173439488
981741076355698688
981768301276626946
981764512541011968
981745722067480581
981913278371848192
981741077802733570
981752748134744064
981764615053852672
981911697899360256
981769569067909121
981745551325659136
981913535004512256
981752756540203009
981755434494115840
981911841919119365
981755816591151105
981755739432673280
981749179989934081
981741085956460549
981755389199826946
981911760394510336
981741146874368001
981745664169271297
981752970013388800
981755649154473985
981764512557752320
981911759521902593
981913379756392448
981913524799725569
981755283612483585
981764619684507648
981753101714587650
981911699082137601
981911937842929665
981764700022198273
981742809962065920
981764370643456001
981745651460423680
981752673291653120
981749205109702656
981756780324773890
981911608292130818
981764543151067136
981743097699647489
981764275076259840
981913523155484672
981749078546530305
981913519611408384
981752737288413184
981743026467897344
981751665597399040
981913373397827585
981751771293863936
981749213540311040
981742806787031040
981741133691793408
981764253794340865
981775776583507969
981745639070482432
981753094643048448
981913546132021249
981752777020968962
981745652311969792
981753047188635650
981745347117531136
981764466537713665
981755563406168064
981913637718822913
981764431028936709
981764253425307648
981764536679174149
981764687787421696
981764462842646528
981749006790410241
981755667613532160
981764277802594304
981755367288745984
981752402998153216
981911846520344576
981764370584616960
981764193606094848
981743002895839232
981913464917573632
981752582707302400
981764621186076672
981749194707951616
981769748475068418
981769662781370369
981755409324101632
981913464053514240
981755553788526592
981911507129847808
981911859933667328
981749102567358464
981764626206601216
981756775534858242
981753089668546560
981755222912651264
981755381461471233
981751854966095872
981742852395995136
981751835248680960
981742992171073536
981769828611624960
981755247784808448
981756737840705536
981755746114129920
981764626705559552
981764257112100865
981775407912435712
981749174050766849
981755727973728257
981752932310966278
981755850220961797
981741359001407489
981764515204386816
981756843344056320
981752957602488320
981755672785285120
981743027235340288
981764633731137536
981913522085838850
981745537937387520
981913376346591233
981911702546546688
981741095775240192
981913375645974529
981741280920244229
981764189122433024
981755549418229760
981755277501317125
981756834099941377
981752378918662145
981743099859886080
981756747361603584
981741150280101889
981741281620709376
981755580258836480
981769815349190658
981913468629671937
981741344547799040
981769648826875904
981749184238940160
981752606295900160
981745669194035201
981755619890941952
981752698771914758
981911854141276160
981741068160045056
981755623116365824
981755297428590594
981764435164520448
981755301467602944
981755361689452544
981752664244371457
981764695546843146
981751868547186688
981751651940757504
981751950378139650
981751946854842368
981764162857652224
981753103451021312
981752670070304769
981911505481420800
981741082315804682
981751643510370305
981769648591945728
981755225286565888
981913458861015040
981913539458797568
981751835676594176
981741365959602176
981769829416763392
981755238985158656
981913382990303234
981769535266095104
981745375441600514
981755653717884928
981755714350862337
981764630036078593
981911933648560128
981755745648631808
981742918456299520
981745467150229509
981752447336091648
981755429393846273
981913452611502081
981755483911479296
981764354172510210
981752760981864450
981745438096179200
981749200839823360
981913300358217728
981745756641136642
981755294857486336
981755569341124614
981742795256934401
981741319935541250
981769777780875264
981753093422567425
981755247348633600
981756808476884992
981741371592773633
981755672596484096
981911608950771713
981913282641571840
981911761577234432
981745719940820997
981751724191965184
981911932528623616
981913289297833985
981764448259100672
981751703375613952
981755565482430465
981753028402450433
981752671962005505
981745420538855424
981745753814118401
981743104268128256
981751841007562754
981766768204038146
981742814135398400
981749130916716544
981764192578359296
981751683431755776
981755502546698240
981752727192637441
981751866479513601
981756758132539392
981753084710924288
981911768527261698
981769562617274368
981749036490338304
981743139030487040
981742924118593542
981752357934346240
981742900890480641
981752472124514304
981752578038902784
981769546368540672
981769665251893250
981741277313052672
981753081862991872
981745574088065024
981755583366926341
981764173397884930
981765590955180033
981911771777609728
981751838369337345
981745387420581888
981911766631436288
981764374644707329
981751887278911488
981741267934728192
981745642060959744
981755649120964608
981755721652961280
981764375164964864
981770692776681472
981752941412577280
981751902428856320
981755638366724097
981741375690592257
981753017010675712
981715575863820290
981769110177513472
981911857467461633
981745761229721601
981742928543518726
981764156910129153
981742892023795717
981745359092355074
981753033993285632
981773871979393024
981749199136935936
981745761640701952
981777573440114688
981769563783254016
981752493779505153
981752387353407488
981768250676727809
981749117297672193
981751639777398784
981911595327676418
981752485571383296
981764184592584704
981743040359518209
981752749393051648
981769583055917057
981751647075319808
981751837094285312
981741306782330882
981743099792670720
981911841323577346
981752670062088192
981743088027750401
981764244344582145
981764461227921408
981913635546107905
981752678513565696
981764627586527232
981764501849731072
981745527648866304
981756835693817857
981745656023797760
981752559064018944
981745649531187200
981911769265385473
981751838092513282
981756843595710464
981741068755480577
981749030979100672
981749030920192000
981764284576395264
981769688223854592
981911613350535168
981769633417121792
981753116637958155
981764277043417088
981742986114621441
981741102939156485
981764439870353413
981745462565679105
981769638999715841
981741177316827137
981745427421609984
981752670653485056
981777135642796037
981749012792356865
981753047952117762
981913551576150017
981741247936184325
981769728896258049
981769808222994432
981769568698937344
981749122024718336
981742852093947904
981749015623565313
981911846784589824
981913453198790656
981764689054060544
981764683026845696
981743134701797376
981745372300115969
981741078691962881
981752350514827265
981741346171117573
981715585489883137
981749032493166592
981764249033805824
981751862100668422
981755266680078336
981743142641786881
981749207521521664
981752909879824384
981749088197758976
981753044948971525
981769804829863936
981769660885385216
981913369165860864
981751662057533443
981742829713149952
981755577406812160
981751671528312832
981753088888463361
981911934697181189
981756789157957633
981769850627518464
981764276867170305
981751858036436993
981764501904084992
981749090164731909
981911769789628416
981769737188323329
981764430487633920
981755402244280320
