981915304820445184
981924028859346944
981975282541211648
981751763551379456
981755434280390656
981994805201981441
981915470491209734
981913466393935872
981915473892859904
981913375478370305
981769768171724800
981915360105500673
981917300336025602
981773490373218304
981924086770257920
981743003994816512
981745342759698433
981749004051476480
981977619016110080
981979708542869504
981741244819935232
981923944218296320
981752917286846464
981769757169872898
981975361339576320
981752394190082048
981752736881442816
981911500871921664
981979552216899585
981975646988627968
981749020765831168
981979348579356673
981769576353382400
981911763296931841
981977461515784192
981924193414492165
981977463520710658
981913548430323712
981742901951717376
981979725148155905
981979374261071873
981764191106322432
981975450573402113
981743111717228549
981751684870238208
981741329150631936
981975650155278337
981752384379609088
981755392077324293
981764444073201665
981914234467635201
981913278375854081
981975286010048514
981764353287491584
981745591259729920
981764533013417984
981975727674396672
981751898377211904
981764361004953600
981975452427448320
981913282075414534
981911611937091584
981752493041303552
981913285212753920
981755574462238720
981975172709306371
981979359434170372
981764703121788928
981741334003318784
981977519279738880
981913296726044672
981749199527120896
981745747845701632
981979569526894592
981753046798557184
981742986705887232
981752470950109185
981751933407977472
981975280154742784
981915310172192768
981975731340275713
981752776366723072
981742894452170753
981917141191544832
981914216696369152
981975728316088322
981917232774176768
981749201934532608
981752660683440128
981769742380863488
981752568299700224
981755818537177088
981923834038140929
981915466863128578
981917313023840256
981923828229197825
981764169765703681
981994803792629760
981769755576053760
981915294766682123
981752962178535424
981913379181858816
981975355970945025
981975450175012864
981751856203468802
981764439811809280
981915308184211456
981913460832374784
981979024007114752
981911929005510656
981769537111511042
981979650699165697
981752605570297856
981745369368346624
981923827406979073
981913370046722048
981917292828155905
981915465046994944
981753008168960002
981975430788820992
981743109452185601
981764620724686848
981769557382582273
981741158463361024
981975197560590339
981975820020473856
981755305695461377
981979551579426821
981915477562638337
981924019317309440
981751893625135104
981911703716749313
981753093623709696
981769502005264387
981975436484861952
981741316450074624
981764694292692992
981979025257136128
981917413703811072
981741182475816960
981979563797434368
981764639389204480
981979288567271427
981741233558061057
981745583357652992
981752770867773440
981751897118818305
981975187632599042
981745449030815744
981914135859552258
981975356025565184
981994803490639872
981753005929213952
981764432324947968
981764529431326720
981749021210365952
981769728892047360
981769545496055808
981755232253247489
981978925592084481
981752608976228353
981751741107572736
981764186937151488
981769776996347906
981755584868442112
981979176868528128
981975261964054528
981913288131964929
981915481509695488
981975366976921600
981755282140282881
981977438329720832
981979466925686784
981752374002835457
981911757647163394
981753005459386368
981752746696114176
981764357557112833
981917315125006336
981975370902589440
981917136925835264
981752355870920705
981749008220569600
981923912379494400
981752570585731072
981769788711043072
981913384885956608
981917062783258624
981975183127924736
981755248892137472
981975548443484166
981741226461364224
981751844488691713
981914211692564482
981755368626794497
981911513744232449
981745535173439488
981978988057853952
981741076355698688
981768301276626946
981915300705832961
981764512541011968
981745722067480581
981913278371848192
981975185824845826
981741077802733570
981752748134744064
981979717749354497
981764615053852672
981917322817540096
981975539899682818
981911697899360256
981769569067909121
981914147079286786
981975445322248193
981977549893971968
981745551325659136
981913535004512256
981914240251555841
981752756540203009
981755434494115840
981911841919119365
981975638205698055
981979197466869760
981915297971101697
981755816591151105
981914211382124545
981755739432673280
981749179989934081
981915363712618496
981741085956460549
981755389199826946
981911760394510336
981741146874368001
981745664169271297
981752970013388800
981755649154473985
981764512557752320
981911759521902593
981913379756392448
981913524799725569
981975368306450437
981755283612483585
981764619684507648
981979203242463233
981975263926943745
981753101714587650
981911699082137601
981911937842929665
981764700022198273
981742809962065920
981978997583175681
981764370643456001
981977537768247296
981979438442139648
981745651460423680
981752673291653120
981975562565705728
981749205109702656
981756780324773890
981911608292130818
981764543151067136
981743097699647489
981924198372212737
981764275076259840
981913523155484672
981975555091369984
981749078546530305
981913519611408384
981975269379657729
981752737288413184
981743026467897344
981751665597399040
981913373397827585
981924204764254208
981751771293863936
981749213540311040
981742806787031040
981917134128275457
981917207008546816
981741133691793408
981979023726260226
981764253794340865
981775776583507969
981979556981628928
981917212352090113
981917147675820032
981745639070482432
981753094643048448
981913546132021249
981977555388387328
981975354448457729
981752777020968962
981979262524841984
981745652311969792
981975280918114314
981979560446169089
981753047188635650
981745347117531136
981975736364838912
981764466537713665
981979113207554048
981979112905625601
981755563406168064
981913637718822913
981764431028936709
981764253425307648
981764536679174149
981977458021937153
981764687787421696
981764462842646528
981749006790410241
981755667613532160
981979030894215168
981917212503048192
981979287833194496
981764277802594304
981755367288745984
981924012745003010
981752402998153216
981911846520344576
981764370584616960
981923821769768960
981977528293183488
981975278464458753
981764193606094848
981924008785580032
981924188750397440
981743002895839232
981975822654418944
981913464917573632
981752582707302400
981764621186076672
981749194707951616
981769748475068418
981914135133933571
981917138968563712
981769662781370369
981755409324101632
981979178928099328
981913464053514240
981755553788526592
981911507129847808
981977441471291393
981978913927770114
981911859933667328
981749102567358464
981764626206601216
981756775534858242
981915374492012544
981753089668546560
981755222912651264
981755381461471233
981751854966095872
981917152654508034
981742852395995136
981751835248680960
981915302928830464
981742992171073536
981975833605701632
981769828611624960
981755247784808448
981915370889142272
981756737840705536
981755746114129920
981764626705559552
981764257112100865
981775407912435712
981915447615508480
981749174050766849
981917146598006788
981977537923383296
981755727973728257
981752932310966278
981755850220961797
981741359001407489
981764515204386816
981978932441501701
981756843344056320
981979111290793985
981752957602488320
981979456741888000
981755672785285120
981743027235340288
981975282415538177
981979369341050881
981764633731137536
981913522085838850
981979554679009281
981745537937387520
981913376346591233
981917236095893510
981977439122288645
981924197218779136
981911702546546688
981917305608331264
981741095775240192
981975646355251201
981979194056900613
981917310784098304
981913375645974529
981741280920244229
981975715221516290
981979636933459969
981979645699473408
981975737317167104
981764189122433024
981755549418229760
981755277501317125
981756834099941377
981923919677534209
981994812265127940
981752378918662145
981743099859886080
981756747361603584
981915391172591616
981978923352383488
981741150280101889
981741281620709376
981755580258836480
981769815349190658
981913468629671937
981923928087121920
981741344547799040
981769648826875904
981749184238940160
981752606295900160
981924027680911360
981745669194035201
981917411774525440
981994800571453440
981975737459765248
981755619890941952
981752698771914758
981911854141276160
981923840933670913
981741068160045056
981915300726759424
981755623116365824
981975455464022021
981924112397352960
981977542998609921
981755297428590594
981764435164520448
981915475125899270
981979275145465857
981975643813482496
981755301467602944
981975818971869187
981755361689452544
981924112221294592
981923841453772806
981752664244371457
981764695546843146
981751868547186688
981751651940757504
981751950378139650
981751946854842368
981764162857652224
981753103451021312
981752670070304769
981911505481420800
981741082315804682
981751643510370305
981769648591945728
981755225286565888
981913458861015040
981979621557260290
981913539458797568
981751835676594176
981917069594808321
981977634866282496
981741365959602176
981769829416763392
981755238985158656
981979097948618752
981913382990303234
981769535266095104
981745375441600514
981755653717884928
981755714350862337
981764630036078593
981911933648560128
981994811350757376
981755745648631808
981742918456299520
981745467150229509
981917406078660609
981752447336091648
981924110770024448
981755429393846273
981913452611502081
981924093992693760
981994798658793472
981755483911479296
981764354172510210
981752760981864450
981745438096179200
981749200839823360
981917410067435525
981913300358217728
981975717582917633
981745756641136642
981915381936939008
981755294857486336
981755569341124614
981742795256934401
981741319935541250
981769777780875264
981753093422567425
981755247348633600
981994825565294592
981756808476884992
981917135009132544
981741371592773633
981755672596484096
981975645608599552
981911608950771713
981913282641571840
981911761577234432
981979021742243840
981915306439401472
981979095499182085
981745719940820997
981923835246084097
981975194435637248
981977444784549888
981751724191965184
981911932528623616
981915310063222790
981917129162330115
981978924564480001
981913289297833985
981914244567486464
981979463352307712
981764448259100672
981751703375613952
981755565482430465
981975269736054786
981753028402450433
981752671962005505
981745420538855424
981745753814118401
981979164650737665
981743104268128256
981751841007562754
981766768204038146
981742814135398400
981749130916716544
981994814278422531
981764192578359296
981751683431755776
981755502546698240
981752727192637441
981923850135863296
981978985813831680
981975360764915712
981977639975047168
981751866479513601
981977627085991936
981756758132539392
981753084710924288
981911768527261698
981769562617274368
981977643644895232
981749036490338304
981975814022533120
981923847913070593
981915483065782272
981979711957061632
981743139030487040
981742924118593542
981915463176237056
981924206274326528
981917146690215937
981915390782640128
981975732862832640
981994803532615685
981979279260049414
981752357934346240
981742900890480641
981975186407911425
981752472124514304
981752578038902784
981769546368540672
981769665251893250
981923949352292353
981741277313052672
981753081862991872
981745574088065024
981755583366926341
981764173397884930
981979193205579780
981765590955180033
981911771777609728
981975372635017216
981975651044544512
981751838369337345
981745387420581888
981915299170660353
981911766631436288
981764374644707329
981751887278911488
981975550917951488
981741267934728192
981924013244006402
981975833387655168
981745642060959744
981755649120964608
981755721652961280
981764375164964864
981770692776681472
981917412634320897
981752941412577280
981751902428856320
981755638366724097
981741375690592257
981975831974154240
981753017010675712
981715575863820290
981769110177513472
981911857467461633
981924114104442880
981745761229721601
981742928543518726
981764156910129153
981975191403356161
981978914850463744
981742892023795717
981979204786049025
981745359092355074
981753033993285632
981773871979393024
981749199136935936
981745761640701952
981777573440114688
981769563783254016
981752493779505153
981979444364697600
981752387353407488
981975171065171968
981975177868308481
981979365431853056
981915448114466816
981977545829732352
981768250676727809
981917412781010946
981749117297672193
981751639777398784
981911595327676418
981975199179526144
981752485571383296
981764184592584704
981979470319013889
981743040359518209
981914149969170437
981979551092871168
981979092139565058
981917223764856832
981924025961197570
981752749393051648
981979447342632961
981769583055917057
981914137088483330
981979740818038784
981914226620076032
981975628734959616
981979635834552322
981751647075319808
981751837094285312
981975431141261313
981994829541453824
981741306782330882
981743099792670720
981911841323577346
981752670062088192
981743088027750401
981764244344582145
981764461227921408
981979103644577793
981913635546107905
981979027840884737
981752678513565696
981764627586527232
981764501849731072
981923826484178944
981977622296002560
981745527648866304
981979100343668736
981756835693817857
981745656023797760
981752559064018944
981975723228450818
981745649531187200
981975269236862976
981924191409725445
981911769265385473
981917065576701952
981751838092513282
981756843595710464
981741068755480577
981749030979100672
981749030920192000
981764284576395264
981769688223854592
981911613350535168
981975457313640448
981769633417121792
981914135746134016
981917049172541440
981753116637958155
981917229280317440
981977618642817024
981764277043417088
981742986114621441
981741102939156485
981764439870353413
981975650952208386
981975827888787457
981977458944733184
981745462565679105
981769638999715841
981741177316827137
981745427421609984
981752670653485056
981777135642796037
981975731436703744
981749012792356865
981753047952117762
981913551576150017
981915385590140928
981741247936184325
981769728896258049
981975552910295040
981769808222994432
981977629510328321
981769568698937344
981749122024718336
981917057439674370
981975443447234561
981742852093947904
981749015623565313
981911846784589824
981924095154585601
981913453198790656
981917303380918273
981764689054060544
981764683026845696
981743134701797376
981975371016015872
981745372300115969
981741078691962881
981924031963086848
981975554323828737
981977630424498176
981752350514827265
981741346171117573
981914153148272640
981715585489883137
981975290296619008
981977545175318528
981749032493166592
981979377473851399
981764249033805824
981751862100668422
981755266680078336
981743142641786881
981749207521521664
981752909879824384
981979095281086464
981749088197758976
981753044948971525
981924025499897856
981769804829863936
981769660885385216
981979023801835521
981913369165860864
981975268960202753
981751662057533443
981742829713149952
981755577406812160
981751671528312832
981753088888463361
981911934697181189
981756789157957633
981769850627518464
981764276867170305
981751858036436993
981915380175302656
981764501904084992
981749090164731909
981924191367643137
981975278405726210
981911769789628416
981769737188323329
981975625488576513
981764430487633920
981755402244280320
